[Spectrum]
Version            = 1
IDData             = DLAB_2025-09-04_08-47-05_365_193
IDDevice           = SAM_885E
IDDataType         = SPECTRUM
IDDataTypeSub1     = BACK
IDDataTypeSub2     = 
IDDataTypeSub3     = 
DateTime           = 2025-09-04 08:39:32
PositionLatitude   = 0
PositionLongitude  = 0
Comment            = 
CommentSub1        = 
CommentSub2        = 
CommentSub3        = 
IDMethodType       = SAM Calibration Station
MethodName         = SAM Calibration Station_7
Mission            = 
MissionSub         = 0
RecordType         = 0

[Attributes]
CalFactor = 1
IDBasisSpec = 
IDDataBack = 
IDDataCal = 
IntegrationTime = 8192
P31 = -1
P31e = 0
PathLength = +INF
RAWDynamic = 65535
Temperature = +NAN
Unit1 = $05 $00 Pixel 
Unit2 = $03 $05 Intensity counts
Unit3 = $03 $05 Intensity counts
Unit4 = $f1 $00 Status 
[END] of [Attributes]
[DATA]
 0 12 0 0
 1 0.0180495170963438 0.0233481498038522 0
 2 0.0179736311343899 0.0234543289350567 0
 3 0.0179309644623075 0.0234277311291107 0
 4 0.0179159469159677 0.023258096516589 0
 5 0.0179472110215251 0.0234473958642959 0
 6 0.0179437560367144 0.0232640553579791 0
 7 0.017969315631193 0.0234321693627158 0
 8 0.0179507652834975 0.0235475864786053 0
 9 0.0179546377907125 0.0233294036128256 0
 10 0.017940397014011 0.0234908994562774 0
 11 0.0179314681761318 0.023332497022372 0
 12 0.0179365780710994 0.0234518251952495 0
 13 0.0179519499793294 0.023161473945343 0
 14 0.017922136122926 0.023330242731368 0
 15 0.0179333364711198 0.0236516148339495 0
 16 0.0179385599503269 0.0234834465404949 0
 17 0.0179536277459156 0.0235819206886867 0
 18 0.0179337396864464 0.0235279079530385 0
 19 0.0179351792925302 0.0233994742878773 0
 20 0.0179389369941698 0.0234506723891638 0
 21 0.0179518655326751 0.0234906325512948 0
 22 0.0179336131909415 0.0231705378919197 0
 23 0.0179491121181061 0.0232976626927515 0
 24 0.0179217562874582 0.0235395662369933 0
 25 0.0179376153342394 0.0232190458214033 0
 26 0.0179356311868166 0.023287635688759 0
 27 0.0179543261755791 0.023198297232041 0
 28 0.0179387237838153 0.0237220904923626 0
 29 0.0179393963909482 0.0235982813182405 0
 30 0.0179306299907449 0.0232806556608756 0
 31 0.0179469515748826 0.0234683801120797 0
 32 0.017940048060894 0.023362112303484 0
 33 0.0179579263248863 0.0233332865653649 0
 34 0.0179441444215336 0.0234324830502591 0
 35 0.0179418779710392 0.0234192599943855 0
 36 0.0179218290441831 0.0233059517595259 0
 37 0.0179423689480747 0.0234109941443297 0
 38 0.0179457527464495 0.0233813874167456 0
 39 0.0179416314356621 0.0234954431252059 0
 40 0.0179093852015571 0.0233388980287855 0
 41 0.0179466164054138 0.0235255014441503 0
 42 0.0179328779467241 0.0234496094824019 0
 43 0.0179443061613033 0.0233553248172591 0
 44 0.0179388776721399 0.0234122049049309 0
 45 0.0179437942470807 0.0234897695177867 0
 46 0.0179173851262391 0.0235342398329817 0
 47 0.0179527729852557 0.023465379220284 0
 48 0.017939739062909 0.0233826877275469 0
 49 0.0179433132152091 0.023457851417492 0
 50 0.0179337173534469 0.023528153736044 0
 51 0.0179328919048488 0.0234656764990187 0
 52 0.0179261850259416 0.0236387203033716 0
 53 0.0179436893866691 0.023470886295752 0
 54 0.0179311881412554 0.0234911061374411 0
 55 0.0179423912810742 0.0234784933495983 0
 56 0.0179336376176597 0.0231025240784832 0
 57 0.017936209925561 0.0232917621550005 0
 58 0.0179404041675499 0.0232933106926725 0
 59 0.0179461247304721 0.0235099211058145 0
 60 0.0179341062616957 0.0234456329647412 0
 61 0.0179249031466666 0.0233284152439496 0
 62 0.0179393527718086 0.0232915235290285 0
 63 0.0179404326072289 0.0234580664776218 0
 64 0.0179343198210032 0.0233345090216063 0
 65 0.0179427072581215 0.0235503941304953 0
 66 0.0179343773982675 0.0235256604699444 0
 67 0.0179482683494693 0.0233040862176365 0
 68 0.0179306251054013 0.0235984429624615 0
 69 0.017956983628041 0.0233532028440948 0
 70 0.0179345974132077 0.0233390872537699 0
 71 0.0179578279201074 0.0232666245584589 0
 72 0.0179460938481213 0.0233003469294534 0
 73 0.0179431858473214 0.0233600210531953 0
 74 0.0179396610718874 0.0231564572139536 0
 75 0.0179510463652331 0.023398507390102 0
 76 0.0179266971146407 0.0234804198135537 0
 77 0.017954988488595 0.0232587532180569 0
 78 0.0179398995813428 0.0234591618528774 0
 79 0.0179539109213699 0.0232353085217908 0
 80 0.0179505906324624 0.0235266088641696 0
 81 0.0179558046899355 0.023555100141892 0
 82 0.0179363304888629 0.0234745871803404 0
 83 0.0179477693465121 0.0233257985626619 0
 84 0.0179439212660153 0.0231687297808604 0
 85 0.0179484826066831 0.0232864617606963 0
 86 0.0179539906571572 0.0234987318693994 0
 87 0.0179526297400012 0.023491763711718 0
 88 0.0179465691222665 0.0232369129192367 0
 89 0.0179501504281055 0.0232766941555292 0
 90 0.0179526676014144 0.0232213212343843 0
 91 0.0179506979355459 0.0232973849649377 0
 92 0.0179595826308558 0.0233398663230552 0
 93 0.0179644780941331 0.0232172907771293 0
 94 0.0179429939231071 0.0233678581794858 0
 95 0.0179522970132042 0.0231824627317334 0
 96 0.0179459884642799 0.0235056958375977 0
 97 0.0179664233332834 0.0233962551938395 0
 98 0.0179392990330286 0.0233894387303569 0
 99 0.0179656022465992 0.0234758990122202 0
 100 0.017964092849892 0.0233131293913597 0
 101 0.0179689143351085 0.0236255084194528 0
 102 0.017957276050753 0.0233595261705102 0
 103 0.0179624259008525 0.0234154404077773 0
 104 0.0179431605482204 0.0235406347297325 0
 105 0.0179689631885449 0.0236221083048349 0
 106 0.0179449911562718 0.0233735483702754 0
 107 0.0179605925011762 0.0235758784067592 0
 108 0.0179482158320252 0.0235384321090195 0
 109 0.0179524315346308 0.0235416527741135 0
 110 0.0179566603229782 0.0233233655203811 0
 111 0.0179614226606413 0.0234493811555757 0
 112 0.0179429258772493 0.0234668849903165 0
 113 0.0179511091767942 0.0236229966498031 0
 114 0.0179484177014034 0.0235905972826431 0
 115 0.0179739408302812 0.0236255309379242 0
 116 0.017953115831693 0.0234806891624014 0
 117 0.0179605345749588 0.0233465646082035 0
 118 0.0179533072324777 0.0234127460464914 0
 119 0.017983605610284 0.0234676420648159 0
 120 0.0179436550147871 0.0234970267497984 0
 121 0.0179684203919715 0.0236204487458621 0
 122 0.0179613444951431 0.0235008115986097 0
 123 0.0179580048393377 0.0235003537230248 0
 124 0.0179514298647086 0.023509739561549 0
 125 0.0179701970867663 0.0235321964126246 0
 126 0.0179577347496252 0.0234756556730797 0
 127 0.0179665739065533 0.0237085149962275 0
 128 0.0179646063344036 0.0234467848980179 0
 129 0.0179741161792224 0.0234222745020011 0
 130 0.0179648263493438 0.0235474122659352 0
 131 0.0179620359457443 0.0234531274262306 0
 132 0.0179655211149996 0.0235702990627086 0
 133 0.0179780282926162 0.023773286149784 0
 134 0.0179556699940323 0.0237435968544714 0
 135 0.0179595254025446 0.0235771265235842 0
 136 0.0179626619676361 0.0236303896908903 0
 137 0.0179643379894566 0.023757930123353 0
 138 0.0179586732590331 0.0234500605500769 0
 139 0.0179682359702492 0.0235327878279817 0
 140 0.0179520886881934 0.0236580161894866 0
 141 0.0179747156806773 0.0235568916695808 0
 142 0.0179817434219755 0.0235511103575349 0
 143 0.0179759558600548 0.0237073576515352 0
 144 0.0179658932734988 0.0235518909978764 0
 145 0.0179825522953005 0.0236004118449328 0
 146 0.01795907595093 0.0235544024184025 0
 147 0.0179794818568248 0.0236198908463694 0
 148 0.0179663854718702 0.0235044913612211 0
 149 0.0179711130886982 0.0238293533031825 0
 150 0.0179501198947077 0.0234048869254149 0
 151 0.0179858010488191 0.0235074088124794 0
 152 0.0179699062343433 0.0235487555189378 0
 153 0.0179827407299837 0.02371188246779 0
 154 0.0179536048894864 0.023695716649198 0
 155 0.0179809943941101 0.0238408293446246 0
 156 0.0179624077552904 0.02359692951171 0
 157 0.0179730867675275 0.0236692797892258 0
 158 0.0179601584034987 0.02355489363529 0
 159 0.0179879357695118 0.0236499383424827 0
 160 0.0179749011492589 0.0236540826140272 0
 161 0.0179715855712185 0.0236314141940576 0
 162 0.0179739779937881 0.0235821849752424 0
 163 0.0179803659295465 0.0237637802127457 0
 164 0.017976022161147 0.023352636565636 0
 165 0.0179861772202791 0.02370173309598 0
 166 0.0179749676248277 0.023656213489843 0
 167 0.0179778187462695 0.023524649582597 0
 168 0.0179792974351025 0.0238156138935231 0
 169 0.017983555012082 0.0235970098101351 0
 170 0.0179744031931611 0.0236633794260366 0
 171 0.0179880087007133 0.0236033362786628 0
 172 0.0179689228844599 0.0235366779375545 0
 173 0.01797466839753 0.0238808705034278 0
 174 0.0179693213889194 0.0235466045685157 0
 175 0.0179738740057593 0.0234965013187993 0
 176 0.0179798414530117 0.0236741367965741 0
 177 0.017989292673707 0.0236703088309998 0
 178 0.0179628695947406 0.0235641763077942 0
 179 0.0179882018462635 0.0237825000449414 0
 180 0.0179704075054958 0.0234640439971239 0
 181 0.0179768510992763 0.0238568490549953 0
 182 0.0179587659060857 0.0235396856372601 0
 183 0.0179893441442917 0.023500856984676 0
 184 0.0179692570070693 0.0235520838886585 0
 185 0.0179852943688933 0.0234185236927397 0
 186 0.0179716049381165 0.0234489574941024 0
 187 0.0179842461137301 0.0234901718827212 0
 188 0.017958363912095 0.0236242587315716 0
 189 0.0179879137854655 0.0235633522015661 0
 190 0.0179724117177228 0.0236290012263831 0
 191 0.0179780731330918 0.0237289015444296 0
 192 0.0179752366676809 0.0235559287867268 0
 193 0.0179876028682383 0.0236307023310629 0
 194 0.0179716520467873 0.0236030121174118 0
 195 0.0179900886357667 0.0237073483997601 0
 196 0.0179701197936509 0.0237763565171736 0
 197 0.0179872116917942 0.0235768039333895 0
 198 0.0179710565582933 0.0232403077970008 0
 199 0.0179715131634468 0.0233526437226695 0
 200 0.0179725567077429 0.023492869735243 0
 201 0.0179822760989085 0.0235442938940523 0
 202 0.0179696235823186 0.0234345051740775 0
 203 0.0179838038156544 0.0234339736334156 0
 204 0.017953560397964 0.0237983008548228 0
 205 0.0179893134364174 0.0234916533886644 0
 206 0.0179799810342585 0.0234474201283852 0
 207 0.01798272520157 0.0234038613748769 0
 208 0.0179816188457128 0.0234961862347617 0
 209 0.0179894055600403 0.0235297598791079 0
 210 0.0179809856702821 0.0234210972572643 0
 211 0.0179942298368817 0.0232963316590745 0
 212 0.017964580860826 0.0234756898871913 0
 213 0.0179831544139038 0.0235012322925325 0
 214 0.0179664648587043 0.0233929357267703 0
 215 0.017978400625592 0.0233464979255983 0
 216 0.0179872521703558 0.0234838054395427 0
 217 0.0179968279673138 0.0234337611917127 0
 218 0.0179698856461094 0.023555661183497 0
 219 0.0179778962138615 0.0235056680822725 0
 220 0.0179735377894311 0.0234973390408474 0
 221 0.017980297360259 0.0233857354019033 0
 222 0.0179741273457222 0.0233324610626424 0
 223 0.0179881638103737 0.0237208985844351 0
 224 0.0179529654328996 0.0234861609763871 0
 225 0.0179835520459805 0.0233861742502527 0
 226 0.0179620041910107 0.0233351617081529 0
 227 0.0179923172248479 0.0233507760860386 0
 228 0.0179787855208799 0.0233336746162323 0
 229 0.0179717605712067 0.0235865512893885 0
 230 0.0179671025705254 0.023217032076551 0
 231 0.0179663041657939 0.0233994749861245 0
 232 0.0179735641353915 0.0233854129862703 0
 233 0.0179836494039001 0.0233679280042033 0
 234 0.0179743567823965 0.0234100850265081 0
 235 0.0179670969872756 0.0232896092843987 0
 236 0.017975113312754 0.0233063436507528 0
 237 0.0179917737303683 0.0232785167552173 0
 238 0.0179702187218595 0.0232676574405923 0
 239 0.0179875247027401 0.023736519595669 0
 240 0.017981796986279 0.023526666993247 0
 241 0.0179761156805824 0.0237027363026085 0
 242 0.0179740465630756 0.0232493844865884 0
 243 0.0179881803856468 0.0232636760352014 0
 244 0.0179850808095857 0.023335000063932 0
 245 0.018004120040598 0.023369729831038 0
 246 0.0179890677734231 0.0234561908111484 0
 247 0.0180105249005826 0.0232419926674337 0
 248 0.0179948239295633 0.0233250971733747 0
 249 0.0180059902548282 0.023492270639167 0
 250 0.0179941785407735 0.0231585437510738 0
 251 0.018031105980942 0.0232664328896094 0
 252 0.0180287803828942 0.0231298206552894 0
 253 0.0180692620850351 0.0232090895149372 0
 254 0.0181230549527739 0.0232124714751285 0
 255 0.0185971658628043 0.0243856323387519 0
[END] of [DATA]
[END] of [Spectrum]

