[Spectrum]
Version            = 1
IDData             = DLAB_2024-07-04_08-22-40_130_756
IDDevice           = SAM_8860
IDDataType         = SPECTRUM
IDDataTypeSub1     = BACK
IDDataTypeSub2     = 
IDDataTypeSub3     = 
DateTime           = 2024-07-04 08:13:48
PositionLatitude   = 0
PositionLongitude  = 0
Comment            = 
CommentSub1        = 
CommentSub2        = 
CommentSub3        = 
IDMethodType       = SAM Calibration Station
MethodName         = SAM Calibration Station
Mission            = 
MissionSub         = 0
RecordType         = 0

[Attributes]
CalFactor = 1
IDBasisSpec = 
IDDataBack = 
IDDataCal = 
IntegrationTime = 8192
P31 = -1
P31e = 0
PathLength = +INF
RAWDynamic = 65535
Temperature = +NAN
Unit1 = $05 $00 Pixel 
Unit2 = $03 $05 Intensity counts
Unit3 = $03 $05 Intensity counts
Unit4 = $f1 $00 Status 
[END] of [Attributes]
[DATA]
 0 12 0 0
 1 0.0183713495770172 0.0183406813614119 0
 2 0.018246417905527 0.0183301683773856 0
 3 0.0182459496104441 0.0183773049494178 0
 4 0.0182166253352637 0.0183527172225264 0
 5 0.0182502736629924 0.0182457515158795 0
 6 0.0182477831845969 0.018117632934756 0
 7 0.0182828449469258 0.0181563640072975 0
 8 0.0182384443268054 0.0183053303288821 0
 9 0.018256711673523 0.0184802283286078 0
 10 0.0182300739883898 0.0183239791144278 0
 11 0.0182429604780446 0.0182327286823833 0
 12 0.0182141981918589 0.0184710277001467 0
 13 0.018248923563383 0.0184285411051753 0
 14 0.0182278462716914 0.0181147280519469 0
 15 0.018251075208302 0.0184115405320858 0
 16 0.0182216078623436 0.0182749829356072 0
 17 0.0182546615739611 0.0182155898563531 0
 18 0.0182109096576851 0.0183726834259293 0
 19 0.0182421802188751 0.0182680320595434 0
 20 0.0182127470703222 0.0184688688944438 0
 21 0.0182494604277534 0.0183281713904656 0
 22 0.0182219723438743 0.0184446278472748 0
 23 0.0182433745109178 0.0181079485955645 0
 24 0.0182159745377006 0.0182635098617155 0
 25 0.018248969799671 0.0183469291025706 0
 26 0.0182249328621182 0.0182708313324674 0
 27 0.0182384699748595 0.0184166841698993 0
 28 0.0182173035256464 0.0181820930191961 0
 29 0.0182416400394501 0.0180974583045715 0
 30 0.0182210516310753 0.0183249955877526 0
 31 0.0182474771527134 0.0182641241446676 0
 32 0.0182143170103953 0.0182493103071679 0
 33 0.0182331358775142 0.0183074566660913 0
 34 0.0182062640448395 0.0181509218688167 0
 35 0.0182430485887066 0.0182298506820904 0
 36 0.0182134585857276 0.0182702074486166 0
 37 0.0182421121730173 0.0181065746196862 0
 38 0.018213228451147 0.0181849579273545 0
 39 0.0182402225918892 0.01817889452345 0
 40 0.0182060468215242 0.0183202895763559 0
 41 0.0182385647156307 0.0182448478094735 0
 42 0.0182230199011312 0.0181268154087906 0
 43 0.0182248951751816 0.0181491142814429 0
 44 0.0182239844075464 0.0182889026675995 0
 45 0.0182464622225728 0.0180434342224066 0
 46 0.0182124919855938 0.0182302750418109 0
 47 0.0182521904624637 0.0181216077067988 0
 48 0.0182096389449098 0.0183265563447501 0
 49 0.0182337062413838 0.0182515635508011 0
 50 0.0182323186293144 0.018214356228157 0
 51 0.0182414835339772 0.0183682523493578 0
 52 0.0182166134708577 0.0181372088179882 0
 53 0.0182538460705269 0.0183524215148479 0
 54 0.0182237062919122 0.0180839576954459 0
 55 0.0182486536481471 0.018076566050853 0
 56 0.018215647219677 0.0182566164164819 0
 57 0.0182525507565569 0.0182264161787991 0
 58 0.0182232345072982 0.0183582215050057 0
 59 0.0182554273515762 0.0180516349609133 0
 60 0.0182152860532009 0.0181136513548033 0
 61 0.0182473517040679 0.0182330634919036 0
 62 0.0182242937544846 0.0180355096406575 0
 63 0.0182428168838369 0.0182324006807729 0
 64 0.0182224502351679 0.0183286865223188 0
 65 0.0182519678303751 0.0182986681780251 0
 66 0.0182283684800308 0.018103256025426 0
 67 0.018245819625408 0.0182518328996488 0
 68 0.0182302777770101 0.0181881546774828 0
 69 0.0182512987127734 0.0181734045550378 0
 70 0.0182249963715855 0.0183531438515503 0
 71 0.0182619320121522 0.0184151433129462 0
 72 0.0182267791730598 0.0182600535382 0
 73 0.0182528459708938 0.0182842331396177 0
 74 0.0182473393162322 0.0180862599909431 0
 75 0.0182498653878456 0.0183838264034691 0
 76 0.0182158403652272 0.0182315910631737 0
 77 0.0182489835833192 0.0181444965983138 0
 78 0.0182370289729631 0.0183065945053921 0
 79 0.0182546338321883 0.0182874567722622 0
 80 0.0182355178314903 0.01835757475356 0
 81 0.0182664465931023 0.0181679486261753 0
 82 0.0182330699253751 0.0182871910892122 0
 83 0.0182547622469354 0.0182889059842736 0
 84 0.0182257570893804 0.0182216859033131 0
 85 0.0182534552430359 0.0182412699909496 0
 86 0.0182329565156121 0.0182674478012199 0
 87 0.0182566089068301 0.0180872933967619 0
 88 0.0182343467448299 0.0183456549760383 0
 89 0.0182567887921619 0.0182828237276953 0
 90 0.0182272656137048 0.0182718748628702 0
 91 0.0182713111740287 0.0181659364523792 0
 92 0.0182197971446199 0.0183931885015894 0
 93 0.0182678687515303 0.0181618387888336 0
 94 0.0182193518804427 0.0182416074188968 0
 95 0.018268595969826 0.0184839730282065 0
 96 0.0182275058679258 0.0182806806325539 0
 97 0.018262382161673 0.0181668797843124 0
 98 0.0182347222183837 0.0182566029752238 0
 99 0.0182584742357166 0.0184093063156881 0
 100 0.0182325642923087 0.0183309219606491 0
 101 0.0182717459696124 0.018255612686168 0
 102 0.018241396295698 0.0181659774744007 0
 103 0.0182621522015689 0.0184203532842413 0
 104 0.0182505044954793 0.0183224059635429 0
 105 0.0182667805412352 0.0183302963311804 0
 106 0.0182428826614995 0.0181963730467307 0
 107 0.0182590198239149 0.0184977632353478 0
 108 0.0182480257070132 0.0183687690522672 0
 109 0.0182717606256433 0.0183871247485612 0
 110 0.0182407896407042 0.0181115880344016 0
 111 0.0182612777250579 0.0181771262124797 0
 112 0.0182471815894234 0.0182940932625355 0
 113 0.0182694383426502 0.0180787281732299 0
 114 0.0182496624716081 0.0182448446673612 0
 115 0.0182803706948502 0.018414499529051 0
 116 0.0182536656617654 0.018330553111579 0
 117 0.0182621187020697 0.0183033609227254 0
 118 0.0182472850540225 0.0183454331079985 0
 119 0.0182897828327964 0.0181210386353513 0
 120 0.0182355265553182 0.0182258053870829 0
 121 0.0182650050677763 0.018162821746294 0
 122 0.0182628115484834 0.018211770269745 0
 123 0.0182855650364722 0.018189402619746 0
 124 0.0182414236885176 0.0183622318876545 0
 125 0.0182595830342456 0.018438132228369 0
 126 0.018243821345384 0.0182728705633415 0
 127 0.0182692097783587 0.0182777994901487 0
 128 0.0182606604269941 0.0181514785463769 0
 129 0.0182814070856075 0.0183305778993537 0
 130 0.0182341677318809 0.0183457167709132 0
 131 0.0182681737365545 0.0181174536597939 0
 132 0.0182553094054227 0.0181092281335124 0
 133 0.0182715561391168 0.0184284955445472 0
 134 0.0182445811907961 0.0181442846802963 0
 135 0.018280968277063 0.0182046879486505 0
 136 0.0182572790712911 0.0184816171422386 0
 137 0.0182756102764292 0.0182760587599418 0
 138 0.0182470352035908 0.0183443661863153 0
 139 0.0182721924551255 0.0182898192915783 0
 140 0.018230492383177 0.0183012455829092 0
 141 0.0182707533724714 0.01816157956457 0
 142 0.0182518917585956 0.0182851930549214 0
 143 0.018292205265334 0.0181544906101274 0
 144 0.0182336123729954 0.0184348401675014 0
 145 0.0182723426794424 0.0181851173022722 0
 146 0.0182505435782283 0.0183162509146966 0
 147 0.0182698255061335 0.0183025102831047 0
 148 0.0182523569131004 0.0182628990699993 0
 149 0.0182658064386093 0.0182503719919972 0
 150 0.0182442810911155 0.0182430028658757 0
 151 0.018289774283445 0.0182165482006006 0
 152 0.0182514147396847 0.0182112479808582 0
 153 0.0182776830579437 0.0181330235244222 0
 154 0.0182289993872662 0.0181907739771974 0
 155 0.0182695395390541 0.0181529926953755 0
 156 0.0182542569628221 0.0181217648124132 0
 157 0.0182703457952308 0.0182395350212819 0
 158 0.0182552054173938 0.0181361347392715 0
 159 0.0182759602764055 0.0182416739269402 0
 160 0.0182545488621044 0.0184009821619932 0
 161 0.0182769073351648 0.0181692311316737 0
 162 0.0182603369474547 0.0183544569053626 0
 163 0.018266420247142 0.018214038002007 0
 164 0.0182537431293574 0.0182371475396293 0
 165 0.0182652779491138 0.0183105750379741 0
 166 0.0182464517539793 0.0184242571841959 0
 167 0.01828703587386 0.0182772183739374 0
 168 0.0182579909356497 0.0185329404043311 0
 169 0.0182772765275625 0.0182300505553442 0
 170 0.0182581907113091 0.0182301830477456 0
 171 0.0182743817869811 0.0182237420666812 0
 172 0.0182530408612096 0.0182620510488055 0
 173 0.0182752082824385 0.018371127556662 0
 174 0.018265178671952 0.0180387793576155 0
 175 0.0182790584566541 0.0180730414736761 0
 176 0.0182513938024977 0.0184280715339502 0
 177 0.0182778543939241 0.0181206422055178 0
 178 0.0182534945002616 0.018388731938996 0
 179 0.0182705775001004 0.0183667500705611 0
 180 0.0182395053187574 0.0182946078707034 0
 181 0.0182766079333905 0.0181534430648033 0
 182 0.0182504528504179 0.0180748940979928 0
 183 0.018278203347041 0.0182732832274218 0
 184 0.0182485566391806 0.0181053041589516 0
 185 0.0182733485368019 0.0181998096447635 0
 186 0.0182417524023538 0.0185523076862198 0
 187 0.0182844325091312 0.018344035566278 0
 188 0.0182567596545766 0.0181123506948784 0
 189 0.0182741113483155 0.0181875979999226 0
 190 0.0182473626960911 0.0182214926634075 0
 191 0.0182610772514923 0.0181678826418173 0
 192 0.0182565884930728 0.0184854005945554 0
 193 0.0182756997829037 0.0182245035052254 0
 194 0.0182453923323164 0.0182288649316413 0
 195 0.0182588818129572 0.0183723795138465 0
 196 0.0182445344310784 0.0180331631810264 0
 197 0.0182642450478877 0.0181024869061629 0
 198 0.0182609387171048 0.0183440175864133 0
 199 0.0182713122208881 0.0183138189197866 0
 200 0.0182605906363707 0.0183650231307359 0
 201 0.0182759480630464 0.0182446708038146 0
 202 0.0182467361507696 0.0182455628145805 0
 203 0.0182746935765911 0.0183338551224688 0
 204 0.018244157212759 0.0183378733603982 0
 205 0.0182678868970924 0.0182494213284687 0
 206 0.0182436322127946 0.0182033904308379 0
 207 0.0182664164086577 0.0184325816870144 0
 208 0.0182446220183108 0.0182029929536336 0
 209 0.0182795129680888 0.0182932199298816 0
 210 0.0182500997098636 0.0182677031851241 0
 211 0.018276052923458 0.0181786342518156 0
 212 0.0182286807930705 0.018439497999843 0
 213 0.0182711951471174 0.0183236947532658 0
 214 0.0182493850538802 0.0183795711106238 0
 215 0.0182640936022349 0.0182911679559965 0
 216 0.0182456706224271 0.0184118624240334 0
 217 0.0182529649639067 0.0182829235770413 0
 218 0.018235095947172 0.0184881661770532 0
 219 0.0182641218674374 0.0183652809585052 0
 220 0.0182331070888821 0.0181989998526024 0
 221 0.0182788928784001 0.0183706517012123 0
 222 0.0182358514306701 0.0182575337387078 0
 223 0.0182529403627119 0.0182049536317005 0
 224 0.0182486792962012 0.0182757021301973 0
 225 0.0182804408344267 0.0185415843552321 0
 226 0.0182348963459891 0.0181945748856937 0
 227 0.0182699287962561 0.0183500354296897 0
 228 0.0182375056429208 0.0183423772292378 0
 229 0.0182714291201823 0.018368827530468 0
 230 0.0182427019037849 0.0183825142224657 0
 231 0.0182667568124233 0.0181922050347822 0
 232 0.018245106365237 0.0180488143914506 0
 233 0.018265985974988 0.0182903789366889 0
 234 0.0182428011809467 0.0182478399731795 0
 235 0.0182695798431391 0.0182909015746993 0
 236 0.0182434594810017 0.0182968902661561 0
 237 0.0182698080584776 0.0183408684916547 0
 238 0.0182503773020681 0.0181014877144557 0
 239 0.0182683688013469 0.0184378112092304 0
 240 0.0182433957970579 0.0184407143464216 0
 241 0.0182699950973483 0.0182939647850553 0
 242 0.0182405739876779 0.0183916204129965 0
 243 0.0182803614475926 0.0182266328099851 0
 244 0.0182351395663116 0.0181127033097016 0
 245 0.0182857574841161 0.0182254508520799 0
 246 0.0182522775262663 0.018515669609585 0
 247 0.0182801655104175 0.0181915771360103 0
 248 0.0182618501826462 0.0181355223764991 0
 249 0.0182893897371102 0.0181902473242658 0
 250 0.0182537349289591 0.0182047965260862 0
 251 0.0183139080554878 0.0182476891517897 0
 252 0.0183082145364321 0.0181882166469195 0
 253 0.0183281900086571 0.0180170410028829 0
 254 0.0183929398297907 0.0181212015015049 0
 255 0.0188685620557705 0.0194914604355311 0
[END] of [DATA]
[END] of [Spectrum]

