[Spectrum]
Version            = 1
IDData             = DLAB_2024-07-04_08-22-43_066_824
IDDevice           = SAM_8861
IDDataType         = SPECTRUM
IDDataTypeSub1     = BACK
IDDataTypeSub2     = 
IDDataTypeSub3     = 
DateTime           = 2024-07-04 08:13:52
PositionLatitude   = 0
PositionLongitude  = 0
Comment            = 
CommentSub1        = 
CommentSub2        = 
CommentSub3        = 
IDMethodType       = SAM Calibration Station
MethodName         = SAM Calibration Station_2
Mission            = 
MissionSub         = 0
RecordType         = 0

[Attributes]
CalFactor = 1
IDBasisSpec = 
IDDataBack = 
IDDataCal = 
IntegrationTime = 8192
P31 = -1
P31e = 0
PathLength = +INF
RAWDynamic = 65535
Temperature = +NAN
Unit1 = $05 $00 Pixel 
Unit2 = $03 $05 Intensity counts
Unit3 = $03 $05 Intensity counts
Unit4 = $f1 $00 Status 
[END] of [Attributes]
[DATA]
 0 12 0 0
 1 0.0203653681855982 0.0176133008705681 0
 2 0.0202854889786508 0.0175897709881466 0
 3 0.0202331927708304 0.0176605624288446 0
 4 0.0202242443915767 0.017679847841252 0
 5 0.0202513498483631 0.0176544304221551 0
 6 0.0202514751225321 0.0176530517331084 0
 7 0.0202707903754599 0.0175826492160867 0
 8 0.0202336788625223 0.0176762042129318 0
 9 0.020258551193837 0.0174730823641517 0
 10 0.0202491502223906 0.0174792197822568 0
 11 0.0202575940154373 0.017679218196862 0
 12 0.0202464193152976 0.0175951483642018 0
 13 0.0202488925205138 0.0176566662096089 0
 14 0.0202466328746052 0.0175460444807545 0
 15 0.0202600324998183 0.0175626912170882 0
 16 0.0202375658512917 0.0175943061035472 0
 17 0.0202387917235914 0.0175493278135324 0
 18 0.0202367770427709 0.017523792390663 0
 19 0.0202406242508849 0.0175644638921033 0
 20 0.020239499226036 0.017654131746926 0
 21 0.0202520212341601 0.0176041046061518 0
 22 0.020241490003568 0.0175091365315866 0
 23 0.0202413786875237 0.0175590234992405 0
 24 0.0202224221584001 0.0177037188174183 0
 25 0.0202375988273612 0.0176798171183763 0
 26 0.0202419101431208 0.0174730256315688 0
 27 0.0202461401528041 0.0175982206517712 0
 28 0.0202253931452376 0.017619497639683 0
 29 0.0202470031138622 0.017715626026491 0
 30 0.0202372947147198 0.0176173273129018 0
 31 0.0202429922467363 0.0175803860224313 0
 32 0.0202313825765364 0.0175545358646478 0
 33 0.0202522770167948 0.0178083412065465 0
 34 0.0202271986286645 0.017598673465064 0
 35 0.0202397534383816 0.0176923626999285 0
 36 0.0202322795605234 0.0175675639349978 0
 37 0.0202575355657902 0.0175186093018841 0
 38 0.0202343750239905 0.0177563249341329 0
 39 0.0202477317279703 0.0175272721054588 0
 40 0.0202284628858071 0.0176000263189653 0
 41 0.020250767445611 0.0177095018750822 0
 42 0.0202510003718165 0.0177680043400647 0
 43 0.0202534346687602 0.0178900621357106 0
 44 0.0202256108919825 0.0176428634340184 0
 45 0.0202484491755787 0.0175098347787614 0
 46 0.0202288669735165 0.0176261121351703 0
 47 0.0202559160743746 0.0175965441603044 0
 48 0.0202326403780463 0.0177334325513821 0
 49 0.0202565473305631 0.0174235740210284 0
 50 0.0202201853689206 0.0177359687596829 0
 51 0.0202395014942312 0.0176436110821809 0
 52 0.0202393137574543 0.0176208691716962 0
 53 0.0202576200124445 0.0177132816616014 0
 54 0.0202319756223586 0.0176939948526997 0
 55 0.0202477088715412 0.0176315265183258 0
 56 0.0202193808575096 0.0177037940535514 0
 57 0.0202387486278815 0.0174572490857767 0
 58 0.0202451449385146 0.0177179470001002 0
 59 0.0202446600681586 0.017592563976846 0
 60 0.0202196622881984 0.0175871523866791 0
 61 0.0202424815538497 0.0177758831866239 0
 62 0.0202474855415463 0.017745620455819 0
 63 0.0202500503469557 0.0174406889320927 0
 64 0.0202444602924992 0.0175871293445223 0
 65 0.020235964156485 0.0178046726158899 0
 66 0.0202374885581763 0.0177764461484086 0
 67 0.0202412333485505 0.0177180585450863 0
 68 0.0202484990758744 0.0174625320239016 0
 69 0.020256567918797 0.0177773388574216 0
 70 0.0202442585975976 0.0177000310249644 0
 71 0.0202601357899409 0.017713265078231 0
 72 0.0202414237024758 0.0176825682122452 0
 73 0.0202621871108388 0.0173491021194718 0
 74 0.0202297416245041 0.0177433888578482 0
 75 0.0202510989510721 0.0176648248787234 0
 76 0.0202283363903022 0.0176147766159721 0
 77 0.0202505277148197 0.0177760685712488 0
 78 0.020238232351745 0.0177291400768747 0
 79 0.020252781951955 0.0176606151465063 0
 80 0.0202550239757312 0.0176683820989556 0
 81 0.020249008198472 0.0179091982977843 0
 82 0.02025584279422 0.0175639552190365 0
 83 0.0202631114876455 0.0175373931982582 0
 84 0.0202482694647235 0.0174116263136196 0
 85 0.0202572010942276 0.0176930839892601 0
 86 0.0202531216578143 0.0178954152476765 0
 87 0.0202526128841698 0.0177321290984684 0
 88 0.0202555123356183 0.0178595633973605 0
 89 0.0202677600665925 0.0175892825642478 0
 90 0.0202497743250402 0.0177013484428216 0
 91 0.0202616146532505 0.0176406945037315 0
 92 0.0202436257711201 0.0177394367788385 0
 93 0.0202586424450771 0.0178403818492204 0
 94 0.0202538507953521 0.0176335856492445 0
 95 0.0202636192144306 0.0176272209516839 0
 96 0.0202593728039508 0.0177006706193766 0
 97 0.0202741644031474 0.0177678348405631 0
 98 0.0202496281136842 0.0177363529701909 0
 99 0.0202653784615696 0.0177528913036506 0
 100 0.0202315291368455 0.0177427997117944 0
 101 0.0202797640538146 0.0178703232117631 0
 102 0.0202585853912425 0.0179068464267377 0
 103 0.0202703704103837 0.017913592018132 0
 104 0.0202544236018935 0.017667356199294 0
 105 0.0202524487017283 0.0177014947256047 0
 106 0.0202496776650268 0.0176718792699308 0
 107 0.020288024995428 0.0176744514379612 0
 108 0.0202428111400686 0.0177722559671124 0
 109 0.0202717862876556 0.017751069925895 0
 110 0.0202726331968703 0.0176997665638469 0
 111 0.0202714361132027 0.017732978167033 0
 112 0.0202397909508417 0.0179314427071569 0
 113 0.0202641717816913 0.0176593059330534 0
 114 0.0202599955107879 0.0175411527356093 0
 115 0.0202755019404445 0.0177244900998138 0
 116 0.0202465641308411 0.0176679786866504 0
 117 0.0202851646267286 0.0175542202569248 0
 118 0.0202585955108829 0.0177769700083515 0
 119 0.0202927456331937 0.0177780262817653 0
 120 0.020253652066552 0.0175623028170972 0
 121 0.0202821596169623 0.0176025579886595 0
 122 0.0202594942396355 0.0176325433407742 0
 123 0.0202720373594232 0.0178093726921855 0
 124 0.0202608823751346 0.0178538967724131 0
 125 0.0202797357886121 0.0177494566257976 0
 126 0.0202448170970613 0.0177282341011653 0
 127 0.0202704873096778 0.0175554516158176 0
 128 0.0202674313527564 0.017607212504327 0
 129 0.0202807231514565 0.0177529026501672 0
 130 0.0202644617617314 0.0173889512603019 0
 131 0.0202799137547018 0.017666394887496 0
 132 0.0202689578481664 0.0177917395071556 0
 133 0.0202944265403579 0.0177041862939019 0
 134 0.020272196307568 0.0175423683839408 0
 135 0.0202820156738015 0.0175707467201826 0
 136 0.0202440040362988 0.0176093254002781 0
 137 0.0202767560779467 0.0175942809666489 0
 138 0.0202710006197128 0.0176499886973141 0
 139 0.0202810073737702 0.0176591299747654 0
 140 0.0202568134073147 0.0176429638070498 0
 141 0.0202905228018389 0.0177910395143628 0
 142 0.0202755596921854 0.0175730980675439 0
 143 0.0202790708584478 0.0176508632519006 0
 144 0.0202523169719267 0.0177172567827678 0
 145 0.0202925845913303 0.0175727470237767 0
 146 0.0202762361378025 0.0178194586980644 0
 147 0.0202800514167064 0.0175351148177267 0
 148 0.0202628340699175 0.0176978818201603 0
 149 0.0202819669948417 0.0177086807364046 0
 150 0.020249475272219 0.017598728452029 0
 151 0.0202912037838466 0.0175755393142289 0
 152 0.020274060240642 0.0176687949375978 0
 153 0.0202985049299119 0.0176135026640016 0
 154 0.0202612529633448 0.0178154687391455 0
 155 0.0202920876820918 0.0175887113980587 0
 156 0.0202643621356165 0.017544620754765 0
 157 0.0202819994474816 0.0176940112615083 0
 158 0.0202675280127698 0.0176719854035014 0
 159 0.0203008921181848 0.0176874170151891 0
 160 0.0202843857633717 0.0176982819157914 0
 161 0.0202880715806691 0.0177168757143722 0
 162 0.0202665476289878 0.017763878048385 0
 163 0.0202994734492879 0.0178652363065326 0
 164 0.0202718293833655 0.0177878076773141 0
 165 0.0202847928171825 0.0175392290646426 0
 166 0.0202709758440415 0.0177265937439899 0
 167 0.0202880539585367 0.0177657315455106 0
 168 0.0202596601668426 0.0177957860240957 0
 169 0.0202833572240595 0.0176494896251459 0
 170 0.0202641238006377 0.0176894127801766 0
 171 0.0202929565753529 0.0174245758311625 0
 172 0.0202641717816913 0.0175390824327359 0
 173 0.020284967293741 0.0176708905519313 0
 174 0.0202723873593995 0.0174916038941498 0
 175 0.020295253559245 0.0176349728918191 0
 176 0.0202701167214677 0.0173782406723252 0
 177 0.0202989025619887 0.017698817122251 0
 178 0.0202660973049904 0.0178203583895492 0
 179 0.0202968266398961 0.0176920846229911 0
 180 0.0202525865382095 0.0174442643067515 0
 181 0.0202947442621709 0.0176062283249341 0
 182 0.0202678162480444 0.0176363720045957 0
 183 0.0202907422933495 0.0176750795112949 0
 184 0.0202822583706944 0.0177617691673552 0
 185 0.0202940932901313 0.0177565157301734 0
 186 0.020270584842074 0.017644068783204 0
 187 0.0202926165205405 0.0176859400478525 0
 188 0.0202634421207238 0.0176654278151589 0
 189 0.0202934625573724 0.017634646286703 0
 190 0.0202692422449567 0.0176855608996365 0
 191 0.0203023701091115 0.0175184864103813 0
 192 0.0202649377337829 0.0178216700468671 0
 193 0.0202835576976252 0.0175948048265918 0
 194 0.0202717873345149 0.0173789380466911 0
 195 0.0203079744706458 0.0175617653413343 0
 196 0.0202833207584588 0.0175831001091999 0
 197 0.0202850386546534 0.0177683831391571 0
 198 0.0202586255208509 0.0175457342844471 0
 199 0.0202975482749419 0.0175944522117685 0
 200 0.0202785367857024 0.0175880417790181 0
 201 0.0202979295062221 0.0176570474525664 0
 202 0.0202654665722316 0.0174895290526698 0
 203 0.0202884536843322 0.0177918653662089 0
 204 0.0202811436399624 0.0177244211479053 0
 205 0.0202937012413044 0.0176692315166438 0
 206 0.0202597878836834 0.0176779735712729 0
 207 0.0202839500954052 0.0175332370565117 0
 208 0.020270023725462 0.0175977655691749 0
 209 0.0202900670690682 0.0176987312378484 0
 210 0.0202759278377237 0.0176530121075812 0
 211 0.0202960027615871 0.0173853264846555 0
 212 0.0202691038850458 0.0175954847447783 0
 213 0.0202934116102174 0.017665739931646 0
 214 0.0202630774647166 0.0176532203598011 0
 215 0.0202895066503625 0.017640016331163 0
 216 0.0202679900266966 0.0176296887317616 0
 217 0.02027342915893 0.0178427173114585 0
 218 0.0202620244986863 0.0176514504777746 0
 219 0.0203021249695469 0.0176003791083504 0
 220 0.020266528959996 0.0177850749124335 0
 221 0.0202926468794616 0.0175644282814974 0
 222 0.020273735016337 0.0178002308910489 0
 223 0.0202977302539924 0.0176697360002277 0
 224 0.0202825865611008 0.0175014896776513 0
 225 0.0202574207602148 0.0175542223516663 0
 226 0.0202596636563738 0.017656441024895 0
 227 0.0202947315253821 0.0178592195106269 0
 228 0.0202843437145211 0.0175680254763804 0
 229 0.0202891864858777 0.0175891530393968 0
 230 0.0202554657503772 0.0176253540133002 0
 231 0.0202812411723585 0.0177758262794791 0
 232 0.0202664975542155 0.0176527930325301 0
 233 0.0202760899264466 0.0177647726775778 0
 234 0.0202683508442195 0.0177850616457372 0
 235 0.0202962759918776 0.0178813424249911 0
 236 0.0202674173946317 0.0176321741425805 0
 237 0.0203028368339054 0.0176679230014382 0
 238 0.0202613641049125 0.0178552742395273 0
 239 0.020295878708754 0.0176290470426079 0
 240 0.0202701568510761 0.0176669079246077 0
 241 0.0202955362112697 0.0176728908555254 0
 242 0.0202824241234249 0.0177513576037311 0
 243 0.0203069483740055 0.0178201840023173 0
 244 0.0202741026384457 0.0177255776197886 0
 245 0.0203026142018168 0.0179174992347607 0
 246 0.0202824483756665 0.0177014746509984 0
 247 0.0203200590660379 0.017684483329684 0
 248 0.0202953781355078 0.0176545932883086 0
 249 0.0203134458810426 0.0176885647589827 0
 250 0.020301246480075 0.0177150042373818 0
 251 0.0203269439110347 0.0178405726452609 0
 252 0.0203372542543038 0.0176345504522783 0
 253 0.020383443433625 0.0177053932141436 0
 254 0.0204260441535683 0.017856756967403 0
 255 0.020897186519433 0.0187677539467595 0
[END] of [DATA]
[END] of [Spectrum]

