[Spectrum]
Version            = 1
IDData             = DLAB_2024-07-03_14-27-09_798_134
IDDevice           = SAM_885F
IDDataType         = SPECTRUM
IDDataTypeSub1     = BACK
IDDataTypeSub2     = 
IDDataTypeSub3     = 
DateTime           = 2024-07-03 14:17:31
PositionLatitude   = 0
PositionLongitude  = 0
Comment            = 
CommentSub1        = 
CommentSub2        = 
CommentSub3        = 
IDMethodType       = SAM Calibration Station
MethodName         = SAM Calibration Station_4
Mission            = 
MissionSub         = 0
RecordType         = 0

[Attributes]
CalFactor = 1
IDBasisSpec = 
IDDataBack = 
IDDataCal = 
IntegrationTime = 8192
P31 = -1
P31e = 0
PathLength = +INF
RAWDynamic = 65535
Temperature = +NAN
Unit1 = $05 $00 Pixel 
Unit2 = $03 $05 Intensity counts
Unit3 = $03 $05 Intensity counts
Unit4 = $f1 $00 Status 
[END] of [Attributes]
[DATA]
 0 12 0 0
 1 0.0183866537883425 0.0214278288525396 0
 2 0.0182822775491576 0.0214563506785758 0
 3 0.0182701653864693 0.0215600707577923 0
 4 0.0182343039980731 0.0216274636549285 0
 5 0.0182689794693015 0.021789715350947 0
 6 0.0182790715423959 0.0216824649340146 0
 7 0.0182929851755504 0.021614259975414 0
 8 0.0182559226905257 0.0216910547707595 0
 9 0.0182869460184324 0.0215395082513021 0
 10 0.0182535185780267 0.0215200028910346 0
 11 0.0182744390152923 0.0217830636737977 0
 12 0.0182317583850852 0.0217737942679898 0
 13 0.01828944905914 0.0214289498883788 0
 14 0.0182477493361446 0.0216178451255332 0
 15 0.0182765733870319 0.0214790526144097 0
 16 0.0182485958964063 0.021720164520917 0
 17 0.018258033856883 0.0215304223099394 0
 18 0.0182311410870213 0.021458083553502 0
 19 0.0182780951715748 0.0218038922124615 0
 20 0.0182542883686026 0.021861705856606 0
 21 0.0182918486352485 0.0214941405139255 0
 22 0.0182311334100528 0.0217072024349249 0
 23 0.0182574230144519 0.0216545058952012 0
 24 0.0182508339072216 0.02184438251876 0
 25 0.0182936651106987 0.0218014246069456 0
 26 0.0182334024776955 0.0215047577113426 0
 27 0.0182664626449457 0.0217124569194774 0
 28 0.0182393289229568 0.0217515435743927 0
 29 0.0182777268515599 0.0218136706404598 0
 30 0.0182445234390552 0.021600868816533 0
 31 0.0182791580827689 0.0215193062149159 0
 32 0.0182456388676935 0.0215456561431148 0
 33 0.0182672019021239 0.0217129085108378 0
 34 0.0182382534494504 0.0215019411568011 0
 35 0.0182739590302799 0.0217501798976602 0
 36 0.0182570060154772 0.021493072195748 0
 37 0.0182763708197475 0.0216511214911448 0
 38 0.0182425078858519 0.0215285894111055 0
 39 0.0182876542187832 0.0216338088015681 0
 40 0.0182480298944506 0.021900049751089 0
 41 0.0182810977386693 0.0216267704700457 0
 42 0.0182501780498384 0.0216645861405409 0
 43 0.018297704243027 0.0217646056842925 0
 44 0.0182553547693279 0.0214768952052013 0
 45 0.0182732391399997 0.0214985724633061 0
 46 0.0182481907618375 0.0215500128563622 0
 47 0.0182946585802225 0.0217761787820919 0
 48 0.0182479274767108 0.0214250536691431 0
 49 0.0182812343538146 0.0216233586597876 0
 50 0.0182466227410066 0.0215882609164205 0
 51 0.0182877191240629 0.0214880629705157 0
 52 0.0182422206974367 0.0216548359915532 0
 53 0.0182792830079848 0.0216219342355509 0
 54 0.0182409862757856 0.0216121261320477 0
 55 0.0182804675293402 0.0215707319447814 0
 56 0.0182410740374945 0.0216226101388162 0
 57 0.0182866741839543 0.0215129210936255 0
 58 0.0182517178054668 0.0215655832446759 0
 59 0.0182776069861642 0.0214428694458093 0
 60 0.0182448155128141 0.0214440355185913 0
 61 0.0182900508287902 0.0214996137244056 0
 62 0.0182555292458863 0.0215026455136387 0
 63 0.0182889530222843 0.0214096009354785 0
 64 0.0182534794952776 0.0216225275710877 0
 65 0.0182779104008994 0.0216761606348347 0
 66 0.0182527566388959 0.0215455631016787 0
 67 0.0182792498574387 0.0217129437723201 0
 68 0.0182598433532708 0.0215877946618695 0
 69 0.0182810647625998 0.021688199288938 0
 70 0.0182584536474827 0.0219131891918634 0
 71 0.0182909015764892 0.0216648612499278 0
 72 0.0182568557911603 0.0216388028399244 0
 73 0.0182919824587689 0.0214497307716729 0
 74 0.0182637989113277 0.0212379785878117 0
 75 0.0182847066118045 0.0215717869962626 0
 76 0.0182546847793434 0.0216922744340122 0
 77 0.0182917436003604 0.0216441446053737 0
 78 0.0182547510804356 0.0215407883129354 0
 79 0.0182924012025092 0.0214289017093237 0
 80 0.0182441837331959 0.0215206417871996 0
 81 0.0182915021248034 0.0214741001217603 0
 82 0.018265801029836 0.0215317697524251 0
 83 0.0182941203200397 0.0214634148452437 0
 84 0.0182557679298183 0.0214780731481852 0
 85 0.0182871246824282 0.0215346795229645 0
 86 0.0182653918823064 0.0215534473596535 0
 87 0.0182909977130729 0.0215960582426219 0
 88 0.0182656890158855 0.0215702145436248 0
 89 0.0182790191994284 0.0215828547376692 0
 90 0.0182491671326587 0.0215211385900645 0
 91 0.0182881089046945 0.0215238477891029 0
 92 0.0182603704469539 0.0217375210255038 0
 93 0.0182929633659805 0.0214112650330579 0
 94 0.0182221749111586 0.0218067482179684 0
 95 0.0182960852750411 0.0214408356263508 0
 96 0.0182475474667665 0.0213748489990247 0
 97 0.0182923448465808 0.0216260778088482 0
 98 0.0182561870225117 0.0215555181862123 0
 99 0.0182959626180205 0.0214650852270477 0
 100 0.0182592096544105 0.0216138518499403 0
 101 0.0183004210175188 0.0216679157321941 0
 102 0.0182709609995759 0.0217297416791671 0
 103 0.01828247261395 0.0214914159534493 0
 104 0.0182749620960145 0.0216170089745414 0
 105 0.0182969204943264 0.021745560643475 0
 106 0.0182521841813075 0.0214936597707457 0
 107 0.018296708854261 0.0214082107253533 0
 108 0.0182674885671094 0.0214559484882031 0
 109 0.0183017789685733 0.0216501085090559 0
 110 0.0182646002821607 0.0217195947512223 0
 111 0.0183041303891517 0.021562210187136 0
 112 0.0182643329840731 0.0214639605254109 0
 113 0.0183041309125813 0.0214610640215678 0
 114 0.0182780997079653 0.0215137792394034 0
 115 0.0182965287944527 0.0216554101252927 0
 116 0.0182753989853169 0.021510106284702 0
 117 0.0182823244833519 0.0216848312936901 0
 118 0.0182763558147635 0.0215988081145583 0
 119 0.0183093325822187 0.0214028635484884 0
 120 0.0182718213434857 0.0214779179627506 0
 121 0.0183100901594356 0.0214966206878906 0
 122 0.018272829643517 0.0216824602208461 0
 123 0.0182826512779459 0.0216736015589389 0
 124 0.0182559635180404 0.0216724765081784 0
 125 0.0182878765019186 0.0217592192310239 0
 126 0.0182536333836021 0.0216408712226181 0
 127 0.0183058875425719 0.0217136657598989 0
 128 0.0182656973907603 0.021718970518248 0
 129 0.018293922638099 0.0212070144677197 0
 130 0.0182756306901865 0.021290963154495 0
 131 0.0183004098510191 0.0214380873254706 0
 132 0.0182775968665238 0.0217339980193832 0
 133 0.0183075747308922 0.0215080832880746 0
 134 0.0182665507556077 0.021798315312276 0
 135 0.0183040086045139 0.0215750003297612 0
 136 0.0182672723906535 0.0213304708524567 0
 137 0.0182889114968634 0.0216352384626586 0
 138 0.0182788161087144 0.0215745941244672 0
 139 0.0183041392874562 0.021558295638912 0
 140 0.0182791336560508 0.0218077297789344 0
 141 0.0183160799396875 0.0217322138232897 0
 142 0.0182792055403928 0.0216428240454043 0
 143 0.0183112914305406 0.0215902655840595 0
 144 0.0182650868972822 0.0215596662981163 0
 145 0.0182956848513394 0.0217066808442853 0
 146 0.0182711459447279 0.0213994770496904 0
 147 0.0183097241076159 0.0216199185705189 0
 148 0.0182748169315179 0.0215174661590484 0
 149 0.0182905151109122 0.0217110972576662 0
 150 0.0182862784711197 0.0214142273466972 0
 151 0.0183033974131296 0.0215864974931804 0
 152 0.0182706024502483 0.0213796962309124 0
 153 0.0183120470885152 0.0216964478573762 0
 154 0.0182685198980465 0.021706990866031 0
 155 0.0183195736582941 0.021595486203624 0
 156 0.0182649788962926 0.0215646715084273 0
 157 0.018309858803519 0.0215316081082041 0
 158 0.0182727964929709 0.021613171757192 0
 159 0.0183078027717541 0.0215303816370415 0
 160 0.0182777804158633 0.0215707258351186 0
 161 0.0183148753535279 0.0216920380773435 0
 162 0.0182746803163726 0.0215828980289941 0
 163 0.0183003428520206 0.0214769908650642 0
 164 0.0182606072116438 0.0217606775202486 0
 165 0.0183071990828619 0.0217431228880258 0
 166 0.0182699546187867 0.0213085851675702 0
 167 0.0183152173275825 0.0217445696561721 0
 168 0.0182725016275871 0.0215696632774803 0
 169 0.0182993197214818 0.0216666777399531 0
 170 0.0182817785462005 0.0216402693335534 0
 171 0.0183116503288213 0.0215338372623098 0
 172 0.0182795262283073 0.0217318477672083 0
 173 0.018312429715608 0.0215987297363129 0
 174 0.0182764857997996 0.0216116899021252 0
 175 0.0182989131911006 0.0216692434491971 0
 176 0.0182774811885656 0.0217963370034679 0
 177 0.0182912522743717 0.0215140618549474 0
 178 0.0182667149380492 0.021699184637178 0
 179 0.0182949537945595 0.0215439326945255 0
 180 0.0182577566136317 0.0215725938208731 0
 181 0.0183111776718244 0.0215981966245949 0
 182 0.0182568271770047 0.021445424332222 0
 183 0.0183014731111663 0.0216401164174221 0
 184 0.0182644989112802 0.0215413292799341 0
 185 0.0183070595016151 0.0216253896862574 0
 186 0.0182559610753685 0.0216352913548821 0
 187 0.018303141979448 0.0217095321366238 0
 188 0.0182582870223694 0.0214875616290442 0
 189 0.0182937476381108 0.021571519218471 0
 190 0.0182739281479291 0.0216541501382657 0
 191 0.0182983840036988 0.0214441619013299 0
 192 0.018270462694525 0.0217132801528966 0
 193 0.0183016254292019 0.0215029501239688 0
 194 0.018263726852509 0.0216891326708489 0
 195 0.0182870575089532 0.0212653929938287 0
 196 0.0182546504074614 0.0216096412449142 0
 197 0.0183039227620471 0.0216150654035302 0
 198 0.0182633897637981 0.0216937966128533 0
 199 0.0182810888403649 0.0215467193990003 0
 200 0.0182682370715452 0.021585109203235 0
 201 0.0182974592779389 0.0214285766752638 0
 202 0.0182619217180352 0.0217834229219692 0
 203 0.0182993729368321 0.0214275533940291 0
 204 0.0182543011053913 0.0215562361588698 0
 205 0.0182916076831213 0.0216675859849658 0
 206 0.0182530518532328 0.0215881135862666 0
 207 0.018292453022047 0.0216859532023383 0
 208 0.0182495467936499 0.0216276422316435 0
 209 0.0182695986866075 0.0217981671093131 0
 210 0.0182491599791198 0.0215154923888469 0
 211 0.0182962723139117 0.0215446883725305 0
 212 0.0182491006570899 0.0215514489762391 0
 213 0.0182811246080593 0.0217552856555645 0
 214 0.0182589060651988 0.0216820754866528 0
 215 0.0182906719653383 0.0216273137063477 0
 216 0.0182612829593547 0.0215738595684393 0
 217 0.0182951465911566 0.02130613466911 0
 218 0.018262610551488 0.0215916901828579 0
 219 0.0182835472150736 0.0216761454479586 0
 220 0.0182499796699914 0.0216791733968324 0
 221 0.0182946775981674 0.0215899093034385 0
 222 0.0182585173314265 0.0212302676696981 0
 223 0.0182929759282928 0.0213729605895403 0
 224 0.0182587115238361 0.021628875510716 0
 225 0.0182966153348257 0.0214683975370834 0
 226 0.0182435957471939 0.0216626027694407 0
 227 0.0182836567863523 0.0219659567782372 0
 228 0.0182536845052337 0.0215105435619952 0
 229 0.0182871559137322 0.0217394790851439 0
 230 0.0182503361256003 0.0218078779818973 0
 231 0.0182939322343097 0.0217679518593161 0
 232 0.0182543305919297 0.0216083901605387 0
 233 0.0182858865967694 0.0214996432253487 0
 234 0.018264425107696 0.0215879409446526 0
 235 0.0182988472389615 0.0214171182645628 0
 236 0.0182627703720156 0.0216080602387485 0
 237 0.0183028425776737 0.0215115005097483 0
 238 0.0182560730893191 0.0217590528736345 0
 239 0.018295212019866 0.0215630363881056 0
 240 0.0182444513802366 0.0216617736009206 0
 241 0.0183028443224393 0.0218874182851343 0
 242 0.0182588120223338 0.0214817838082341 0
 243 0.0182982686746936 0.0216505744144833 0
 244 0.0182625159851933 0.0215621979678104 0
 245 0.0183050142873968 0.0214522963063551 0
 246 0.0182703759796754 0.0216340854820111 0
 247 0.0183053555635452 0.0219599673885332 0
 248 0.018274602325351 0.0217497792783436 0
 249 0.018313975926869 0.0214719853056295 0
 250 0.0182904296173986 0.0216500180860467 0
 251 0.0183333105466948 0.0215969713753649 0
 252 0.0183134015500386 0.0217120744545874 0
 253 0.0183945886332682 0.0213185573591595 0
 254 0.0184146061543437 0.0214303029168418 0
 255 0.0189439238901427 0.0229920296051764 0
[END] of [DATA]
[END] of [Spectrum]

